500	0	0	0	0	0
1000	0	0	0	0	0
1500	0	0	0	0.001	0
2000	0	0	0	0.003	0
2500	0	0	0	0.004	0
3000	0	0	0.001	0.006	0
3500	0	0	0.001	0.009	0.001
4000	0	0	0.001	0.012	0.001
4500	0	0	0.002	0.015	0.001
5000	0	0	0.002	0.018	0.001
5500	0	0	0.003	0.023	0.002
6000	0	0	0.003	0.027	0.002
6500	0	0	0.004	0.032	0.002
7000	0	0	0.005	0.037	0.003
7500	0	0	0.005	0.042	0.003
8000	0	0	0.006	0.048	0.003
8500	0	0	0.007	0.054	0.003
9000	0	0	0.008	0.06	0.004
9500	0	0	0.008	0.067	0.004
10000	0	0	0.01	0.074	0.004
10500	0	0	0.01	0.082	0.005
11000	0	0	0.011	0.091	0.005
11500	0	0	0.012	0.099	0.006
12000	0	0	0.013	0.108	0.006
12500	0	0	0.014	0.117	0.006
13000	0	0	0.015	0.126	0.007
13500	0	0	0.017	0.136	0.007
14000	0	0	0.018	0.146	0.008
14500	0	0	0.019	0.157	0.008
15000	0	0	0.02	0.169	0.008
15500	0	0	0.022	0.179	0.009
16000	0	0	0.023	0.191	0.009
16500	0	0	0.025	0.205	0.01
17000	0	0	0.026	0.216	0.01
17500	0	0	0.028	0.23	0.011
18000	0	0	0.029	0.243	0.011
18500	0	0	0.031	0.255	0.012
19000	0	0	0.032	0.27	0.012
19500	0	0	0.034	0.283	0.013
20000	0	0	0.035	0.298	0.013
20500	0	0	0.037	0.314	0.014
21000	0	0	0.039	0.329	0.014
21500	0	0	0.041	0.345	0.014
22000	0	0	0.042	0.362	0.015
22500	0	0	0.044	0.378	0.016
23000	0	0	0.046	0.395	0.016
23500	0	0	0.048	0.412	0.017
24000	0	0	0.05	0.43	0.017
24500	0	0	0.052	0.448	0.018
25000	0	0	0.054	0.466	0.018
25500	0	0	0.056	0.485	0.019
26000	0	0	0.058	0.506	0.019
26500	0	0	0.06	0.523	0.02
27000	0	0	0.063	0.545	0.021
27500	0	0	0.065	0.564	0.021
28000	0	0	0.067	0.585	0.022
28500	0	0	0.07	0.607	0.022
29000	0	0	0.073	0.627	0.023
29500	0	0	0.074	0.65	0.024
30000	0	0	0.077	0.671	0.024
30500	0	0	0.079	0.695	0.025
31000	0	0	0.082	0.717	0.025
31500	0	0	0.084	0.741	0.026
32000	0	0	0.086	0.765	0.027
32500	0	0	0.09	0.79	0.027
33000	0	0	0.092	0.812	0.028
33500	0	0	0.094	0.837	0.029
34000	0	0	0.097	0.863	0.029
34500	0	0	0.1	0.89	0.03
35000	0	0	0.103	0.916	0.031
35500	0	0	0.106	0.941	0.031
36000	0	0	0.108	0.967	0.032
36500	0	0	0.111	0.995	0.032
37000	0	0	0.114	1.021	0.034
37500	0	0	0.117	1.051	0.034
38000	0	0	0.12	1.08	0.035
38500	0	0	0.123	1.107	0.035
39000	0	0	0.127	1.14	0.035
39500	0	0	0.129	1.17	0.035
40000	0	0	0.132	1.193	0.036
40500	0	0	0.135	1.223	0.037
41000	0	0	0.139	1.255	0.037
41500	0	0	0.142	1.289	0.038
42000	0	0	0.145	1.317	0.039
42500	0	0	0.148	1.347	0.04
43000	0	0	0.152	1.384	0.04
43500	0	0	0.156	1.412	0.041
44000	0	0	0.159	1.443	0.042
44500	0	0	0.162	1.477	0.042
45000	0	0	0.165	1.509	0.043
45500	0	0	0.169	1.545	0.044
46000	0	0	0.173	1.58	0.045
46500	0	0	0.176	1.611	0.045
47000	0	0	0.18	1.649	0.046
47500	0	0	0.183	1.683	0.047
48000	0	0	0.187	1.719	0.048
48500	0	0	0.192	1.766	0.05
49000	0	0	0.196	1.801	0.05
49500	0	0	0.2	1.834	0.05
50000	0	0	0.202	1.872	0.05
50500	0	0	0.206	1.907	0.051
51000	0	0	0.211	1.944	0.054
51500	0	0	0.215	1.979	0.053
52000	0	0	0.218	2.019	0.054
52500	0	0	0.222	2.06	0.055
53000	0	0	0.226	2.099	0.055
53500	0	0	0.23	2.138	0.056
54000	0	0	0.234	2.19	0.057
54500	0	0	0.239	2.217	0.058
55000	0	0	0.242	2.271	0.058
55500	0	0	0.248	2.3	0.059
56000	0	0	0.251	2.348	0.06
56500	0	0	0.255	2.388	0.06
57000	0	0	0.259	2.431	0.061
57500	0	0	0.264	2.47	0.062
58000	0	0	0.268	2.514	0.063
58500	0	0	0.273	2.556	0.064
59000	0	0	0.277	2.609	0.065
59500	0	0	0.283	2.639	0.125
60000	0	0.001	0.292	2.712	0.067
60500	0	0	0.293	2.741	0.068
61000	0	0	0.298	2.784	0.068
61500	0	0	0.299	2.82	0.069
62000	0	0	0.304	2.866	0.07
62500	0	0	0.308	2.914	0.071
63000	0	0	0.313	2.961	0.071
63500	0	0	0.319	3.012	0.072
64000	0	0	0.323	3.056	0.073
64500	0	0	0.327	3.109	0.075
65000	0	0	0.332	3.153	0.075
65500	0	0	0.338	3.202	0.076
66000	0	0	0.342	3.255	0.076
66500	0	0	0.348	3.301	0.077
67000	0	0	0.352	3.354	0.078
67500	0	0	0.358	3.403	0.079
68000	0	0	0.362	3.453	0.08
68500	0	0.001	0.372	3.506	0.081
69000	0	0	0.372	3.553	0.082
69500	0	0.001	0.378	3.621	0.083
70000	0	0.001	0.382	3.677	0.084
70500	0	0.001	0.389	3.71	0.085
71000	0	0.001	0.395	3.767	0.086
71500	0	0.001	0.398	3.819	0.086
72000	0	0.001	0.403	3.878	0.088
72500	0	0.001	0.41	3.929	0.088
73000	0	0.001	0.421	3.989	0.089
73500	0	0.001	0.42	4.045	0.09
74000	0	0.001	0.426	4.098	0.091
74500	0	0.001	0.433	4.152	0.092
75000	0	0.001	0.438	4.211	0.094
75500	0	0.001	0.443	4.261	0.094
76000	0	0.001	0.448	4.316	0.095
76500	0	0.001	0.454	4.378	0.096
77000	0	0.001	0.46	4.456	0.097
77500	0	0.002	0.469	4.651	0.097
78000	0	0.001	0.472	4.533	0.098
78500	0	0.001	0.48	4.593	0.1
79000	0	0.001	0.479	4.646	0.1
79500	0	0.001	0.486	4.708	0.101
80000	0	0.001	0.493	4.769	0.102
80500	0	0.001	0.498	4.829	0.102
81000	0	0.001	0.505	4.891	0.104
81500	0	0.001	0.51	4.952	0.106
82000	0	0.001	0.516	5.012	0.106
82500	0	0.001	0.522	5.077	0.107
83000	0	0.001	0.528	5.133	0.108
83500	0	0.001	0.535	5.228	0.109
84000	0	0.001	0.543	5.265	0.109
84500	0	0.001	0.546	5.325	0.111
85000	0	0.001	0.552	5.392	0.112
85500	0	0.001	0.559	5.456	0.112
86000	0	0.001	0.566	5.516	0.114
86500	0	0.001	0.572	5.582	0.115
87000	0	0.001	0.578	5.649	0.116
87500	0	0.001	0.584	5.715	0.117
88000	0	0.001	0.592	5.787	0.117
88500	0	0.001	0.597	5.849	0.121
89000	0	0.001	0.606	5.961	0.119
89500	0	0.001	0.61	5.982	0.12
90000	0	0.001	0.616	6.054	0.122
90500	0	0.001	0.625	6.119	0.123
91000	0	0.001	0.63	6.194	0.124
91500	0	0.001	0.637	6.258	0.125
92000	0	0.001	0.643	6.337	0.126
92500	0	0.001	0.652	6.4	0.127
93000	0	0.001	0.656	6.462	0.128
93500	0	0.001	0.664	6.555	0.13
94000	0	0.001	0.671	6.7	0.13
94500	0	0.001	0.677	6.675	0.131
95000	0	0.001	0.684	6.747	0.132
95500	0	0.001	0.691	6.822	0.133
96000	0	0.001	0.699	6.889	0.134
96500	0	0.001	0.705	7.022	0.136
97000	0	0.001	0.712	7.039	0.141
97500	0	0.001	0.719	7.109	0.138
98000	0	0.001	0.735	7.206	0.138
98500	0	0.001	0.733	7.254	0.139
99000	0	0.001	0.739	7.36	0.141
99500	0	0.001	0.753	7.406	0.142
